1  27193
2  65649
3  112748
4  167133
5  227937
6  294545
7  366490
8  443402
9  524980
10  610970
11  701158
12  795356
13  893400
14  995145
15  1100462
16  1209232
17  1321350
18  1436718
19  1555248
20  1676857
21  1801469
22  1929014
23  2059425
24  2192640
25  2328603
26  2467259
27  2608556
28  2752445
29  2898882
30  3047822
31  3199224
32  3353048
33  3509257
34  3667816
35  3828690
36  3991845
37  4157251
38  4324877
39  4494695
40  4666676
41  4840793
42  5017021
43  5195335
44  5375710
45  5558124
46  5742553
47  5928976
48  6117371
49  6307719
50  6500000
