    1       10.000     5337.701        0.196        9.859
    2       10.000     5485.348        0.202        9.995
    3       10.000     5490.825        0.202       10.000
    4       10.300     5811.810        0.214       10.288
    5       13.200     9282.979        0.341       13.002
    6       26.300    31248.539        1.105       23.398
    7       58.300   120910.445        3.150       39.497
    8      104.400   320004.438        6.354       56.094
    9      144.800   611044.875       10.001       70.375
   10      160.000   913627.312       13.199       80.847
   11      146.600  1138450.625       15.349       87.185
   12      115.300  1235105.250       16.231       89.654
   13       80.700  1204260.500       15.954       88.887
   14       52.100  1077828.875       14.785       85.568
   15       32.600   896553.312       13.031       80.332
   16       21.100   695375.125       10.936       73.591
   17       15.100   499059.188        8.682       65.572
   18       12.200   323300.781        6.400       56.296
   19       10.900   178760.203        4.191       45.559
   20       10.300    74128.891        2.180       32.857
   21       10.100    18160.770        0.668       18.186
   22       10.000     6234.425        0.229       10.655
   23       10.000     5520.028        0.203       10.026
   24       10.000     5492.207        0.202       10.001
